url_path,views_total,views_unique
/jonescompneurolab/hnn-core,83,28
/jonescompneurolab/hnn-core/tree/master/hnn_core,56,7
/jonescompneurolab/hnn-core/discussions/693,29,7
/jonescompneurolab/hnn-core/issues,26,12
/jonescompneurolab/hnn-core/discussions,23,4
/jonescompneurolab/hnn-core/tree/master/examples,20,3
/jonescompneurolab/hnn-core/blob/master/hnn_core/network_models.py,18,5
/jonescompneurolab/hnn-core/tree/master/.github/workflows,17,4
/jonescompneurolab/hnn-core/issues/694,17,3
/jonescompneurolab/hnn-core/blob/master/hnn_core/viz.py,15,3
