referrer,views_total,views_unique
github.com,135,12
com.google.android.gm,49,3
jonescompneurolab.github.io,48,7
Google,29,11
hnn.brown.edu,7,3
joss.theoj.org,5,1
github-at-brown.github.io,4,2
summerofcode.withgoogle.com,1,1
mail.google.com,1,1
dylansdaniels.github.io,1,1
